100
6 7984948
5 112111
0 1
6 0300005
6 0060007
6 4783875
5 009001
6 0005001
1 01
6 0222001
6 9919282
5 939069
3 0001
1 59
0 1
6 8000301
6 7020007
6 5000001
5 203081
6 0000454
1 25
6 2625126
6 0374291
3 2001
3 0121
3 2112
6 1002222
2 001
6 1112021
6 0000001
2 221
6 0702001
6 9107201
0 1
6 0000021
4 80001
6 9999999
6 0009071
0 1
4 01372
0 1
6 9969262
6 0000001
6 0000001
0 8
3 0007
3 0003
3 9101
6 1136006
5 060811
6 5075851
6 0060101
0 7
6 1111111
5 110011
6 2956309
1 61
6 0000001
6 0212011
0 1
6 7000281
6 0000001
6 1010121
6 2021202
4 97123
0 1
6 4400001
4 90001
6 3500601
1 71
2 211
5 204001
6 2009009
6 2111201
5 000001
4 11111
5 201001
1 01
2 121
6 3005001
4 31207
6 0000707
6 1833124
6 3967647
2 003
6 2012011
1 09
0 1
6 1110002
6 7020061
3 0201
6 2111011
2 301
6 2012601
5 111111
6 2600008
6 7883851
6 8000001
0 1
6 0000091
