6 9999999
6 1222212
0 8
3 0004
6 0001001
2 211
6 5003021
2 009
6 4639151
4 11111
3 1201
6 0000001
2 401
6 0011211
6 5344774
0 1
6 2012101
0 4
0 6
6 1111111
6 0000701
2 101
6 0000061
6 0002001
3 0011
6 5850001
3 9996
3 1221
6 8003005
6 0010001
1 47
4 36349
5 100011
1 23
6 0050001
6 2420948
6 3008001
6 4001071
6 0544487
6 9005007
6 2050061
6 0000021
6 0002001
4 11111
2 001
4 59971
6 2012211
6 2939119
6 3000091
0 1
3 0011
6 3008007
6 1211211
6 7000007
4 18951
6 2101211
6 0220122
2 201
6 0000001
3 5901
3 9501
5 110011
5 006001
6 4660612
4 00071
6 0002211
6 0140153
6 0000006
6 0021436
6 2030081
6 2060001
6 0000005
2 201
0 1
6 0000001
6 2194116
6 0004071
0 1
6 2121011
1 09
6 5060005
4 00041
6 0008001
6 0200001
6 2201001
1 01
6 0000001
3 2221
2 201
6 0062001
6 9535969
6 0000081
5 000101
6 5786577
6 6009001
6 3054001
2 601
6 1500001
2 001
5 000001
